MEAN_PC1=-2.12168e-14
MEAN_PC2=2.23324e-14
COV_INV_11=0.216718
COV_INV_12=1.82819e-17
COV_INV_21=1.82819e-17
COV_INV_22=0.278073
CHI2_95=5.991464547
CHI2_99=9.210340372
