MEAN_PC1=1.0921e-14
MEAN_PC2=-8.04512e-15
COV_INV_11=0.346838
COV_INV_12=8.62557e-17
COV_INV_21=8.62557e-17
COV_INV_22=0.900694
CHI2_95=5.991464547
CHI2_99=9.210340372
