MEAN_PC1=3.10862e-16
MEAN_PC2=1.94474e-16
COV_INV_11=0.105717
COV_INV_12=1.96394e-15
COV_INV_21=1.96394e-15
COV_INV_22=13.9326
CHI2_95=5.991464547
CHI2_99=9.210340372
