MEAN_PC1=-9.4668e-15
MEAN_PC2=-2.47506e-16
COV_INV_11=0.494159
COV_INV_12=-1.91994e-16
COV_INV_21=-1.91994e-16
COV_INV_22=0.78813
CHI2_95=5.991464547
CHI2_99=9.210340372
