MEAN_PC1=2.48998e-14
MEAN_PC2=-6.48962e-16
COV_INV_11=0.251877
COV_INV_12=-1.53715e-17
COV_INV_21=-1.53715e-17
COV_INV_22=0.495182
CHI2_95=5.991464547
CHI2_99=9.210340372
