MEAN_PC1=-6.55594e-15
MEAN_PC2=1.55585e-14
COV_INV_11=0.299184
COV_INV_12=-0
COV_INV_21=-0
COV_INV_22=0.397959
CHI2_95=5.991464547
CHI2_99=9.210340372
