MEAN_PC1=7.7236e-15
MEAN_PC2=-4.80083e-15
COV_INV_11=0.0691159
COV_INV_12=2.77979e-17
COV_INV_21=2.77979e-17
COV_INV_22=3.23993
CHI2_95=5.991464547
CHI2_99=9.210340372
