MEAN_PC1=-1.79175e-15
MEAN_PC2=6.73831e-15
COV_INV_11=0.252799
COV_INV_12=8.82072e-17
COV_INV_21=8.82072e-17
COV_INV_22=0.342774
CHI2_95=5.991464547
CHI2_99=9.210340372
