MEAN_PC1=1.29319e-15
MEAN_PC2=-1.56275e-15
COV_INV_11=0.202889
COV_INV_12=6.03047e-15
COV_INV_21=6.03047e-15
COV_INV_22=41.4785
CHI2_95=5.991464547
CHI2_99=9.210340372
