T2_95=5.99146
T2_99=9.21034
CHI2_95=5.99146
CHI2_99=9.21034
DModX_95=1.05258
DModX_99=1.41386
