MEAN_PC1=-1.14516e-14
MEAN_PC2=5.27933e-15
COV_INV_11=0.14196
COV_INV_12=-9.14507e-18
COV_INV_21=-9.14507e-18
COV_INV_22=0.251674
CHI2_95=5.991464547
CHI2_99=9.210340372
