MEAN_PC1=-4.68958e-15
MEAN_PC2=1.51316e-14
COV_INV_11=0.301109
COV_INV_12=1.38651e-16
COV_INV_21=1.38651e-16
COV_INV_22=0.607141
CHI2_95=5.991464547
CHI2_99=9.210340372
